0.1857584118843
0.2134779542685
0.2144857347012
0.2164654731750
0.2184074968100
0.2203357070684
0.2247021794319
0.2267703264952
0.2434346079826
0.2687200605869

--------------------

0.1857584118843
0.2134779542685
0.2144857347012
0.2164654731750
0.2184074968100
0.2203357070684
0.2247021794319
0.2267703264952
0.2434346079826
0.2687200605869

--------------------

0.1991596817970
0.2007054686546
0.2108149230480
0.2144857347012
0.2174829244614
0.2219708412886
0.2254160940647
0.2267703264952
0.2434346079826
0.2723174691200

--------------------

0.1651680618525
0.1821237057447
0.1957867443562
0.2134779542685
0.2139729857445
0.2164654731750
0.2184074968100
0.2267703264952
0.2723174691200
0.3280678987503

--------------------

0.1646266132593
0.1683429479599
0.1733305156231
0.1957867443562
0.2139729857445
0.2144857347012
0.2267703264952
0.2687200605869
0.2784543037415
0.3280678987503

--------------------

0.1646266132593
0.1683429479599
0.1733305156231
0.1957867443562
0.2139729857445
0.2144857347012
0.2267703264952
0.2687200605869
0.2784543037415
0.3280678987503

--------------------

0.1821237057447
0.1916336864233
0.2016885280609
0.2134779542685
0.2174829244614
0.2219708412886
0.2247021794319
0.2434346079826
0.2637257575989
0.2723174691200

--------------------

0.1657096445561
0.1742977648973
0.2017863690853
0.2129812240601
0.2134732156992
0.2219708412886
0.2358614057302
0.2434346079826
0.2637257575989
0.2993173003197

--------------------

0.1651680618525
0.2104486227035
0.2231073081493
0.2271699309349
0.2271863669157
0.2341360300779
0.2342485785484
0.2348769605160
0.2365401834250
0.2396760880947

--------------------

0.1651680618525
0.2104486227035
0.2231073081493
0.2271699309349
0.2271863669157
0.2341360300779
0.2342485785484
0.2348769605160
0.2365401834250
0.2396760880947

--------------------

0.1670833528042
0.2104486227035
0.2175341397524
0.2271699309349
0.2274029254913
0.2341360300779
0.2347355335951
0.2348769605160
0.2395497262478
0.2396209090948

--------------------

0.1751553267240
0.1888734847307
0.2230876833200
0.2271699309349
0.2338196486235
0.2347355335951
0.2349485158920
0.2365401834250
0.2386069148779
0.2396209090948

--------------------

0.1751553267240
0.1888734847307
0.2230876833200
0.2271699309349
0.2338196486235
0.2347355335951
0.2349485158920
0.2365401834250
0.2386069148779
0.2396209090948

--------------------

0.1751553267240
0.1888734847307
0.2230876833200
0.2271699309349
0.2338196486235
0.2347355335951
0.2349485158920
0.2365401834250
0.2386069148779
0.2396209090948

--------------------

0.1651680618525
0.2143115252256
0.2230876833200
0.2260309159756
0.2271699309349
0.2341360300779
0.2347355335951
0.2349485158920
0.2349832206965
0.2379867136478

--------------------

0.1751553267240
0.1779143959284
0.2281782329083
0.2312323749065
0.2338196486235
0.2348769605160
0.2356705814600
0.2374276071787
0.2386069148779
0.2396760880947

--------------------

0.1888734847307
0.2016885280609
0.2104486227035
0.2175341397524
0.2274029254913
0.2342485785484
0.2365401834250
0.2366504222155
0.2395497262478
0.2396209090948

--------------------

0.18887348473072
0.20168852806091
0.21044862270355
0.21753413975239
0.22740292549133
0.23424857854843
0.23654018342495
0.23665042221546
0.23954972624779
0.23962090909481

--------------------

0.1888734847307
0.2016885280609
0.2104486227035
0.2231073081493
0.2274029254913
0.2309450358152
0.2357391566038
0.2366504222155
0.2380817234516
0.2396209090948

--------------------

0.1888734847307
0.2007812559605
0.2175341397524
0.2266919314861
0.2276290953159
0.2282741218805
0.2309450358152
0.2357391566038
0.2365401834250
0.2395497262478

--------------------

0.1672676801681
0.2192468047142
0.2235952466726
0.2257226407528
0.2266919314861
0.2271863669157
0.2274029254913
0.2366504222155
0.2391725480556
0.2396209090948

--------------------

0.1670833528042
0.2187646627426
0.2192468047142
0.2261127531529
0.2266919314861
0.2271863669157
0.2326847314835
0.2375332564115
0.2380817234516
0.2391725480556

--------------------

0.1668534725904
0.2139746844769
0.2231073081493
0.2261127531529
0.2271863669157
0.2274029254913
0.2326847314835
0.2375332564115
0.2380817234516
0.2396209090948

--------------------

0.1866487860680
0.2073572427034
0.2154438346624
0.2192468047142
0.2257226407528
0.2317910194397
0.2342485785484
0.2369217425585
0.2371274977922
0.2380495518446

--------------------

0.1793007552624
0.1859458982944
0.2016885280609
0.2104486227035
0.2187646627426
0.2235952466726
0.2256277948618
0.2363388389349
0.2366504222155
0.2391725480556

--------------------

0.1672676801681
0.2202122062445
0.2235952466726
0.2267405688763
0.2276783585548
0.2284125983715
0.2286500334740
0.2344900518656
0.2363388389349
0.2391725480556

--------------------

0.1603904664516
0.2187646627426
0.2256277948618
0.2284716963768
0.2286490499973
0.2305207401514
0.2306408137083
0.2358109951019
0.2366504222155
0.2370314896107

--------------------

0.1859458982944
0.2016885280609
0.2104486227035
0.2260686755180
0.2270226776600
0.2324774563312
0.2357374131679
0.2361277490854
0.2361407577992
0.2369808852673

--------------------

0.1859458982944
0.2016885280609
0.2104486227035
0.2270226776600
0.2282855957746
0.2324774563312
0.2357374131679
0.2361277490854
0.2361407577992
0.2369808852673

--------------------

